704893 333.882541667 -17.7351666667 i 52795.5802196
704895 333.886333333 -17.7371111111 i 52795.5894142
704896 333.888375 -17.7332222222 i 52795.5960833
704897 333.884583333 -17.7315833333 i 52795.6028804
705197 333.881375 -17.7351944444 i 52796.5804880
705198 333.882833333 -17.7393611111 i 52796.5881305
705199 333.88575 -17.7365833333 i 52796.5955167
705308 333.882541667 -17.7346666667 r 52797.5826911
705309 333.879583333 -17.7355277778 r 52797.5878048
705310 333.883416667 -17.7374166667 r 52797.5929098
705311 333.885458333 -17.7337777778 r 52797.5980427
705312 333.881666667 -17.7318333333 r 52797.6031454
707183 333.881958333 -17.7348888889 i 52812.5482544
707184 333.879 -17.7357222222 i 52812.5552685
707186 333.884833333 -17.7340555556 i 52812.5692938
707491 333.881666667 -17.7351666667 r 52814.5385314
707492 333.881666667 -17.7351944444 r 52814.5445924
707493 333.87875 -17.7360277778 r 52814.5497449
707494 333.882541667 -17.7379444444 r 52814.5548945
707495 333.884583333 -17.7343611111 r 52814.5600545
707496 333.880791667 -17.7323888889 r 52814.5652522
707695 333.881375 -17.7355 i 52816.5470820
707696 333.878416667 -17.7363055556 i 52816.5540660
707697 333.88225 -17.73825 i 52816.5610575
707698 333.884291667 -17.7346111111 i 52816.5680629
707699 333.8805 -17.7326944444 i 52816.5750452
707700 333.879333333 -17.7335277778 i 52816.5820350
707701 333.883416667 -17.7373888889 i 52816.5890288
707907 333.881958333 -17.7343611111 r 52818.5617555
707908 333.879041667 -17.7351388889 r 52818.5669004
707909 333.882833333 -17.7371111111 r 52818.5720205
707910 333.884875 -17.7335277778 r 52818.5772303
707911 333.881083333 -17.7315833333 r 52818.5825541
708123 333.87925 -17.7346111111 i 52820.5616255
708124 333.876375 -17.7354722222 i 52820.5686349
708125 333.880166667 -17.7374166667 i 52820.5756293
708126 333.882208333 -17.7337777778 i 52820.5826075
708127 333.878416667 -17.7318611111 i 52820.5896129
708128 333.87725 -17.7326944444 i 52820.5966108
708129 333.881333333 -17.7365833333 i 52820.6036272
708509 333.881375 -17.7351666667 i 52824.5312998
708510 333.878458333 -17.7360833333 i 52824.5382254
708511 333.88225 -17.7379722222 i 52824.5451613
708512 333.884291667 -17.7343611111 i 52824.5521280
708513 333.8805 -17.7323888889 i 52824.5591409
708514 333.879333333 -17.73325 i 52824.5661145
708515 333.883416667 -17.7371111111 i 52824.5730857
711784 333.881375 -17.7351944444 i 52842.4893887
711785 333.878458333 -17.7360555556 i 52842.4965029
711786 333.88225 -17.738 i 52842.5036189
711787 333.884291667 -17.7343333333 i 52842.5107579
711791 333.881375 -17.7352222222 r 52842.5403489
711792 333.878458333 -17.736 r 52842.5456235
711793 333.88225 -17.7379722222 r 52842.5508906
711794 333.884291667 -17.7343888889 r 52842.5561860
711795 333.8805 -17.7324444444 r 52842.5614936
712718 333.881375 -17.7349166667 r 52851.5364359
712719 333.878458333 -17.73575 r 52851.5416885
712721 333.878458333 -17.73575 r 52851.5547670
712722 333.884291667 -17.7340833333 r 52851.5600144
712723 333.8805 -17.7320555556 r 52851.5652560
712891 333.881666667 -17.7352222222 r 52852.4915941
